>> D=[11 14 1;8 10 7;0 7 4]

D =

    11    14     1
     8    10     7
     0     7     4

>> det(D)

ans =

  -491
